0.000000 0.000000 0.000000 
-0.183298 0.615810 -0.766276 
0.216247 0.586473 -0.780568 
0.391791 0.237350 -0.888912 
-0.359266 0.812218 -0.459598 
-0.135356 0.976680 -0.166656 
0.811134 -0.584767 -0.010406 
0.699089 -0.615964 0.363131 
-0.414664 0.298026 -0.859787 
0.732930 -0.297834 0.611644 
-0.586385 0.752459 0.299930 
-0.245787 0.947320 0.205362 
-0.262988 0.459804 0.848185 
-0.594023 0.509047 0.622903 
0.959097 -0.238151 -0.153025 
0.826442 -0.189634 -0.530126 
-0.074801 -0.656794 -0.750351 
-0.083637 -0.900321 -0.427115 
0.706682 0.410283 0.576427 
0.388564 0.411875 0.824243 
-0.159777 0.091412 0.982912 
0.240911 0.061567 0.968592 
0.710887 0.655385 0.255166 
0.398559 0.899484 0.179107 
0.265163 0.946196 -0.185475 
0.444926 0.751940 -0.486444 
0.726349 0.188627 -0.660936 
-0.755114 -0.506467 0.416286 
0.887534 0.458979 -0.040278 
0.880858 0.061864 0.469321 
0.992325 0.091102 0.083616 
0.000000 0.000000 0.000000 
-0.183298 0.615810 -0.766276 
0.216247 0.586473 -0.780568 
0.391791 0.237350 -0.888912 
-0.359266 0.812218 -0.459598 
-0.135356 0.976680 -0.166656 
0.811134 -0.584767 -0.010406 
0.699089 -0.615964 0.363131 
-0.414664 0.298026 -0.859787 
0.732930 -0.297834 0.611644 
-0.586385 0.752459 0.299930 
-0.245787 0.947320 0.205362 
-0.262988 0.459804 0.848185 
-0.594023 0.509047 0.622903 
0.959097 -0.238151 -0.153025 
0.826442 -0.189634 -0.530126 
-0.074801 -0.656794 -0.750351 
-0.083637 -0.900321 -0.427115 
0.706682 0.410283 0.576427 
0.388564 0.411875 0.824243 
-0.159777 0.091412 0.982912 
0.240911 0.061567 0.968592 
0.710887 0.655385 0.255166 
0.398559 0.899484 0.179107 
0.265163 0.946196 -0.185475 
0.444926 0.751940 -0.486444 
0.726349 0.188627 -0.660936 
-0.755114 -0.506467 0.416286 
0.887534 0.458979 -0.040278 
0.880858 0.061864 0.469321 
0.992325 0.091102 0.083616 
