0.000000 0.000000 0.000000 
0.862549 -0.361262 0.354257 
0.862723 0.361484 0.353607 
0.862549 0.361262 -0.354257 
0.862723 -0.361484 -0.353607 
0.357582 -0.361280 -0.861169 
0.355759 -0.865221 -0.353311 
0.356670 -0.864825 0.353361 
0.357315 -0.361009 0.861393 
0.357582 0.361280 0.861169 
0.356406 0.865043 0.353093 
0.356406 0.865043 -0.353093 
0.357315 0.361009 -0.861393 
0.000000 0.000000 0.000000 
0.862549 -0.361262 0.354257 
0.862723 0.361484 0.353607 
0.862549 0.361262 -0.354257 
0.862723 -0.361484 -0.353607 
0.357582 -0.361280 -0.861169 
0.355759 -0.865221 -0.353311 
0.356670 -0.864825 0.353361 
0.357315 -0.361009 0.861393 
0.357582 0.361280 0.861169 
0.356406 0.865043 0.353093 
0.356406 0.865043 -0.353093 
0.357315 0.361009 -0.861393 
0.000000 0.000000 -0.000000 
0.862549 -0.361262 0.354257 
0.862723 0.361484 0.353607 
0.862549 0.361262 -0.354257 
0.862723 -0.361484 -0.353607 
0.357582 -0.361280 -0.861169 
0.355759 -0.865221 -0.353311 
0.356670 -0.864825 0.353361 
0.357315 -0.361009 0.861393 
0.357582 0.361280 0.861169 
0.356406 0.865043 0.353093 
0.356406 0.865043 -0.353093 
0.357315 0.361009 -0.861393 
-0.000000 0.000000 -0.000000 
0.862549 -0.361262 0.354257 
0.862723 0.361484 0.353607 
0.862549 0.361262 -0.354257 
0.862723 -0.361484 -0.353607 
0.357582 -0.361280 -0.861169 
0.355759 -0.865221 -0.353311 
0.356670 -0.864825 0.353361 
0.357315 -0.361009 0.861393 
0.357582 0.361280 0.861169 
0.356406 0.865043 0.353093 
0.356406 0.865043 -0.353093 
0.357315 0.361009 -0.861393 
0.000000 0.000000 0.000000 
0.862549 -0.361262 0.354257 
0.862723 0.361484 0.353607 
0.862549 0.361262 -0.354257 
0.862723 -0.361484 -0.353607 
0.357582 -0.361280 -0.861169 
0.355759 -0.865221 -0.353311 
0.356670 -0.864825 0.353361 
0.357315 -0.361009 0.861393 
0.357582 0.361280 0.861169 
0.356406 0.865043 0.353093 
0.356406 0.865043 -0.353093 
0.357315 0.361009 -0.861393 
